0 0.56640625 0.35390625 0.0453125 0.04375
0 0.88671875 0.375 0.1015625 0.084375
0 0.8078125 0.38046875 0.0390625 0.0484375
0 0.21640625 0.38828125 0.04375 0.04375
0 0.4703125 0.3890625 0.0515625 0.046875
0 0.2921875 0.39296875 0.0515625 0.0390625
0 0.0671875 0.39140625 0.04375 0.040625
0 0.41328125 0.39296875 0.053125 0.0484375
0 0.69375 0.3953125 0.0453125 0.04375
0 0.61328125 0.39765625 0.0390625 0.0390625
0 0.7546875 0.40625 0.034375 0.0265625
0 0.1296875 0.40625 0.053125 0.0609375
0 0.6546875 0.40703125 0.0359375 0.034375