0 0.03515625 0.4015625 0.0625 0.1046875
1 0.9578125 0.4734375 0.084375 0.153125
1 0.228125 0.42109375 0.0609375 0.096875
1 0.55390625 0.39609375 0.046875 0.09375
1 0.47421875 0.39296875 0.05625 0.071875
1 0.32578125 0.38515625 0.046875 0.09375
1 0.153125 0.375 0.0453125 0.071875
0 0.26796875 0.353125 0.040625 0.0671875
1 0.26171875 0.38671875 0.0359375 0.059375
1 0.39765625 0.37734375 0.0359375 0.071875
1 0.45 0.36953125 0.0359375 0.078125
1 0.625 0.3734375 0.046875 0.075
1 0.515625 0.35703125 0.0328125 0.053125