0 0.8328125 0.2328125 0.0828125 0.153125
0 0.11328125 0.24921875 0.0703125 0.1390625
0 0.63203125 0.265625 0.0671875 0.1359375
0 0.3453125 0.259375 0.065625 0.134375
0 0.50703125 0.2734375 0.0625 0.1453125
0 0.4578125 0.2609375 0.053125 0.13125
0 0.7046875 0.3125 0.046875 0.084375
1 0.22109375 0.2703125 0.065625 0.103125
1 0.27890625 0.2671875 0.0421875 0.078125
0 0.75390625 0.303125 0.040625 0.084375
1 0.15 0.2625 0.040625 0.08125
1 0.078125 0.28359375 0.040625 0.10625
1 0.57421875 0.28984375 0.040625 0.0515625
1 0.41484375 0.278125 0.034375 0.0640625