1 0.47734375 0.41953125 0.0390625 0.078125
1 0.08203125 0.39375 0.05625 0.0953125
1 0.22109375 0.41484375 0.05 0.0890625
1 0.1921875 0.40390625 0.0328125 0.0671875
1 0.2828125 0.3953125 0.0421875 0.0859375
1 0.31015625 0.42421875 0.0390625 0.0703125
1 0.3546875 0.4375 0.0421875 0.0859375
1 0.39375 0.4390625 0.0359375 0.0765625
1 0.65234375 0.41796875 0.05625 0.0890625
1 0.959375 0.440625 0.034375 0.0734375
1 0.934375 0.4484375 0.028125 0.0640625
1 0.82578125 0.45625 0.0484375 0.0796875
1 0.7328125 0.42890625 0.0421875 0.0796875