1 0.0609375 0.26796875 0.075 0.1203125
1 0.365625 0.37890625 0.053125 0.0859375
1 0.1703125 0.3109375 0.0484375 0.078125
1 0.0828125 0.3109375 0.046875 0.0828125
1 0.3171875 0.3015625 0.0390625 0.0640625
1 0.38125 0.28828125 0.046875 0.059375
1 0.475 0.3359375 0.0390625 0.0640625
1 0.47109375 0.28828125 0.0390625 0.059375
1 0.515625 0.31328125 0.04375 0.0671875
1 0.59765625 0.30546875 0.028125 0.0671875
1 0.65390625 0.31484375 0.040625 0.075
1 0.72421875 0.2796875 0.0515625 0.090625
1 0.8359375 0.3171875 0.0359375 0.059375