0 0.6828125 0.67421875 0.0734375 0.1390625
0 0.8953125 0.5625 0.0640625 0.128125
0 0.49765625 0.68125 0.0828125 0.153125
0 0.73671875 0.628125 0.0640625 0.1140625
0 0.9453125 0.5421875 0.05625 0.1171875
0 0.184375 0.51796875 0.0609375 0.121875
0 0.18203125 0.66328125 0.0609375 0.1171875
0 0.61953125 0.54921875 0.059375 0.103125
0 0.2671875 0.7640625 0.0859375 0.1875
0 0.77890625 0.51640625 0.0609375 0.1328125
0 0.534375 0.60078125 0.0671875 0.1015625
0 0.29609375 0.6046875 0.0515625 0.1015625
0 0.55703125 0.5125 0.0515625 0.0890625
0 0.4609375 0.4671875 0.0484375 0.090625
0 0.421875 0.59140625 0.0546875 0.090625