1 0.734375 0.16484375 0.0796875 0.1203125
1 0.590625 0.190625 0.075 0.146875
1 0.9 0.21328125 0.1 0.1859375
1 0.51171875 0.20859375 0.0609375 0.1109375
1 0.85078125 0.2015625 0.065625 0.15625
1 0.725 0.29140625 0.0859375 0.16875
1 0.43671875 0.23125 0.0546875 0.103125
1 0.353125 0.225 0.0625 0.090625
1 0.17578125 0.24140625 0.040625 0.1
1 0.2703125 0.25078125 0.0484375 0.1
1 0.05703125 0.21328125 0.05 0.090625
1 0.09921875 0.25390625 0.0390625 0.075
1 0.153125 0.234375 0.0296875 0.084375
1 0.56796875 0.2609375 0.04375 0.096875
1 0.6421875 0.20234375 0.04375 0.1171875