0 0.90234375 0.1234375 0.1078125 0.159375
0 0.3421875 0.6234375 0.0796875 0.1265625
0 0.590625 0.3796875 0.1171875 0.1671875
0 0.2296875 0.08046875 0.071875 0.1203125
0 0.04765625 0.34765625 0.084375 0.1328125
0 0.278125 0.49140625 0.0921875 0.1265625
0 0.1328125 0.18046875 0.075 0.13125
0 0.47109375 0.57890625 0.0703125 0.109375
0 0.1546875 0.884375 0.121875 0.196875
0 0.371875 0.1 0.0640625 0.1296875
0 0.51015625 0.734375 0.071875 0.1328125
0 0.40625 0.3359375 0.0609375 0.096875
0 0.16171875 0.69921875 0.0796875 0.1265625
1 0.496875 0.15234375 0.0703125 0.0828125