1 0.15 0.16796875 0.075 0.1203125
1 0.325 0.26953125 0.046875 0.084375
1 0.29375 0.27265625 0.03125 0.0609375
1 0.253125 0.30625 0.0296875 0.059375
1 0.3703125 0.284375 0.03125 0.0546875
1 0.4328125 0.27578125 0.0421875 0.084375
1 0.490625 0.234375 0.0546875 0.103125
1 0.54609375 0.27109375 0.0359375 0.059375
1 0.57578125 0.28984375 0.025 0.05
1 0.60234375 0.29140625 0.03125 0.053125
1 0.634375 0.28828125 0.0203125 0.046875
1 0.66796875 0.2796875 0.028125 0.059375
1 0.71328125 0.2578125 0.046875 0.1078125
1 0.759375 0.20859375 0.075 0.125
1 0.82734375 0.26953125 0.0265625 0.05
1 0.85390625 0.2859375 0.028125 0.0640625
1 0.8828125 0.2796875 0.0265625 0.0640625
1 0.946875 0.2609375 0.0578125 0.1140625
1 0.9140625 0.27265625 0.025 0.0671875