1 0.39765625 0.3484375 0.084375 0.13125
1 0.171875 0.38359375 0.1453125 0.25625
1 0.88671875 0.44296875 0.1140625 0.1796875
1 0.8140625 0.11171875 0.0234375 0.065625
1 0.6484375 0.11875 0.0671875 0.103125
1 0.8671875 0.1203125 0.0515625 0.09375
1 0.4359375 0.2015625 0.0671875 0.1203125
1 0.7421875 0.203125 0.0625 0.1
1 0.078125 0.221875 0.090625 0.1734375
1 0.5265625 0.225 0.13125 0.26875
1 0.88671875 0.2296875 0.059375 0.09375
1 0.67578125 0.26171875 0.075 0.1359375
1 0.81171875 0.2703125 0.084375 0.146875
1 0.45390625 0.28359375 0.0640625 0.1265625